datetime:2020-07-09 13:16:49.662946, device name:GeForce GTX 1050 Ti
Memory Usage:
Allocated:0.0GB
Cached:   0.0GBdatetime:2020-07-09 14:05:16.941200, device name:GeForce GTX 1050 Ti
Memory Usage:
Allocated:0.0GB
Cached:   0.0GBdatetime:2020-07-09 14:05:32.034547, device name:GeForce GTX 1050 Ti
Memory Usage:
Allocated:0.0GB
Cached:   0.0GB